[gd_scene load_steps=32 format=3 uid="uid://hswdxq5e86xw"]

[ext_resource type="ArrayMesh" uid="uid://3vqs70mk1ktx" path="res://Robot/Robot_Cylinder_014.res" id="1_8rv5f"]
[ext_resource type="ArrayMesh" uid="uid://bsncwcsmavw5c" path="res://Robot/Robot_Cylinder.res" id="2_d0tf6"]
[ext_resource type="ArrayMesh" uid="uid://0ljly3rw6yjr" path="res://Robot/Robot_Cylinder_010.res" id="3_2skti"]
[ext_resource type="ArrayMesh" uid="uid://uuwd1au786s6" path="res://Robot/Robot_Cylinder_008.res" id="4_65ln6"]
[ext_resource type="ArrayMesh" uid="uid://bdbc2ny6nxas1" path="res://Robot/Robot_Cylinder_013.res" id="5_ce1se"]
[ext_resource type="ArrayMesh" uid="uid://ndis1ni2sler" path="res://Robot/Robot_Cylinder_009.res" id="6_jdsrj"]
[ext_resource type="ArrayMesh" uid="uid://b08dj0cotunrh" path="res://Robot/Robot_Cylinder_012.res" id="7_mc0si"]
[ext_resource type="ArrayMesh" uid="uid://ccqegtxkb65ja" path="res://Robot/Robot_Cylinder_011.res" id="8_84ltd"]
[ext_resource type="ArrayMesh" uid="uid://b4v8nwpk41skt" path="res://Robot/Robot_Cylinder_018.res" id="9_rrnj3"]
[ext_resource type="ArrayMesh" uid="uid://c584d54lbg68e" path="res://Robot/Robot_Cylinder_019.res" id="10_nuygq"]
[ext_resource type="ArrayMesh" uid="uid://dgh760tpfnsba" path="res://Robot/Robot_Cube_001.res" id="11_qrtng"]
[ext_resource type="ArrayMesh" uid="uid://1h3v7f5ixdhm" path="res://Robot/Robot_Cylinder_017.res" id="12_pdqkw"]
[ext_resource type="ArrayMesh" uid="uid://2ncaglboah0u" path="res://Robot/Robot_Cylinder_022.res" id="13_g11q4"]
[ext_resource type="ArrayMesh" uid="uid://bgrfqqslaprth" path="res://Robot/Robot_Cylinder_015.res" id="14_77vxs"]
[ext_resource type="Animation" uid="uid://d3in6qc1hbqgt" path="res://Robot/Robot_Dance.res" id="15_vi7py"]
[ext_resource type="Animation" uid="uid://c1xi628rsblnc" path="res://Robot/Robot_Death.res" id="16_tko8c"]
[ext_resource type="Animation" uid="uid://dbeo7acfjhtrh" path="res://Robot/Robot_Idle.res" id="17_kv0w0"]
[ext_resource type="Animation" uid="uid://dd3dbxp4ta288" path="res://Robot/Robot_Jump.res" id="18_2nybn"]
[ext_resource type="Animation" uid="uid://b40qeijs3v76j" path="res://Robot/Robot_No.res" id="19_7vbg1"]
[ext_resource type="Animation" uid="uid://d68ys0x18tj" path="res://Robot/Robot_Punch.res" id="20_hh1tw"]
[ext_resource type="Animation" uid="uid://ghxahbayy4jd" path="res://Robot/Robot_Running.res" id="21_mby7u"]
[ext_resource type="Animation" uid="uid://dlxcu1y5hoeui" path="res://Robot/Robot_Sitting.res" id="22_g4g18"]
[ext_resource type="Animation" uid="uid://le8kqijwgxu0" path="res://Robot/Robot_Standing.res" id="23_luisb"]
[ext_resource type="Animation" uid="uid://c8fmqni1w7c21" path="res://Robot/Robot_ThumbsUp.res" id="24_o4k05"]
[ext_resource type="Animation" uid="uid://b801m473ajhyc" path="res://Robot/Robot_Walking.res" id="25_ndn4t"]
[ext_resource type="Animation" uid="uid://bo2pjoo71osqq" path="res://Robot/Robot_WalkJump.res" id="26_y0rgj"]
[ext_resource type="Animation" uid="uid://br8eo0maml5em" path="res://Robot/Robot_Wave.res" id="27_ywfk5"]
[ext_resource type="Animation" uid="uid://dj44pgiph3acg" path="res://Robot/Robot_Yes.res" id="28_shs6p"]

[sub_resource type="Skin" id="Skin_qm5e5"]
resource_name = "Skin"
bind_count = 43
bind/0/name = &"Bone"
bind/0/bone = -1
bind/0/pose = Transform3D(1, 0, -4.76837e-07, 0, 1, 0, 4.76837e-07, 0, 1, 0.00319537, 0.00588517, 0.195048)
bind/1/name = &"Foot.L"
bind/1/bone = -1
bind/1/pose = Transform3D(-1, 2.0612e-07, 3.00337e-07, 2.93497e-07, -0.0324217, 0.999474, 2.15749e-07, 0.999474, 0.0324217, 0.633527, 0.138762, -0.0202059)
bind/2/name = &"Body"
bind/2/bone = -1
bind/2/pose = Transform3D(1, 0, -7.15256e-07, 0, 1, 0, 7.15256e-07, 0, 1, -0.0020505, -1.44057, -0.112672)
bind/3/name = &"Hips"
bind/3/bone = -1
bind/3/pose = Transform3D(1, -4.2777e-08, -1.74749e-07, 2.8712e-10, 0.971699, -0.236221, 1.79908e-07, 0.236221, 0.971699, 5.72593e-08, -1.30596, -0.31748)
bind/4/name = &"Abdomen"
bind/4/bone = -1
bind/4/pose = Transform3D(1, -8.05947e-09, -1.05594e-06, 1.95399e-14, 0.999971, -0.00763221, 1.05598e-06, 0.00763224, 0.999971, -6.8933e-08, -1.66403, 0.0649691)
bind/5/name = &"Torso"
bind/5/bone = -1
bind/5/pose = Transform3D(1, -6.62058e-08, 6.05078e-07, 2.13163e-14, 0.994067, 0.108768, -6.08689e-07, -0.108768, 0.994067, 1.91119e-07, -2.12646, 0.314522)
bind/6/name = &"Neck"
bind/6/bone = -1
bind/6/pose = Transform3D(1, 1.72069e-08, -7.47145e-07, 7.10543e-15, 0.999735, 0.0230241, 7.47343e-07, -0.023024, 0.999735, -6.06052e-08, -2.72754, 0.0806563)
bind/7/name = &"Head"
bind/7/bone = -1
bind/7/pose = Transform3D(0.999996, 0.00280538, 0.000109055, -0.00280694, 0.99982, 0.0187636, -5.63961e-05, -0.0187638, 0.999824, -0.00852288, -3.03771, 0.0677127)
bind/8/name = &"Shoulder.L"
bind/8/bone = -1
bind/8/pose = Transform3D(-0.0262235, -0.999656, -2.18343e-06, 0.999656, -0.0262236, -2.97224e-07, 2.40059e-07, -2.16026e-06, 1, 2.45393, -0.518565, 0.0168483)
bind/9/name = &"UpperArm.L"
bind/9/bone = -1
bind/9/pose = Transform3D(-0.0564262, 0.0680234, 0.996087, 0.998334, -0.00823263, 0.0571157, 0.0120855, 0.99765, -0.0674455, -0.111393, -0.644607, -2.44075)
bind/10/name = &"LowerArm.L"
bind/10/bone = -1
bind/10/pose = Transform3D(0.0388434, 0.000847402, 0.999245, 0.99917, 0.0122362, -0.0388508, -0.01226, 0.999925, -0.000371388, -0.0741312, -1.3508, -2.41546)
bind/11/name = &"Palm2.L"
bind/11/bone = -1
bind/11/pose = Transform3D(-0.584385, -0.0157912, 0.811323, 0.811424, -8.28877e-08, 0.584458, -0.0092294, 0.999875, 0.0128135, 1.637, -2.16377, -2.42306)
bind/12/name = &"Middle1.L"
bind/12/bone = -1
bind/12/pose = Transform3D(-0.621162, -0.00524375, 0.783665, 0.783676, -9.33651e-08, 0.62117, -0.00325734, 0.999986, 0.00410948, 1.72628, -2.45874, -2.43959)
bind/13/name = &"Middle2.L"
bind/13/bone = -1
bind/13/pose = Transform3D(-0.861743, 0.0667231, 0.502939, 0.504062, -5.7742e-08, 0.863667, 0.0576264, 0.997772, -0.0336325, 2.39021, -1.84349, -2.61392)
bind/14/name = &"Thumb.L"
bind/14/bone = -1
bind/14/pose = Transform3D(0.992547, 0.0912758, -0.0807382, -0.0473778, 0.899462, 0.434424, 0.112273, -0.427361, 0.897083, -2.79728, -2.27399, 0.787156)
bind/15/name = &"Thumb2.L"
bind/15/bone = -1
bind/15/pose = Transform3D(-0.537924, -0.211321, 0.816077, 0.378502, 0.804457, 0.457805, -0.753243, 0.555151, -0.352751, 1.87372, -3.24729, 0.447155)
bind/16/name = &"Palm1.L"
bind/16/bone = -1
bind/16/pose = Transform3D(-0.16624, -0.623896, 0.763621, 0.742005, 0.430888, 0.51358, -0.649456, 0.651989, 0.391303, 1.99965, -3.03441, 0.163274)
bind/17/name = &"Index.L"
bind/17/bone = -1
bind/17/pose = Transform3D(-0.621385, -0.0049257, 0.78349, 0.782953, 0.0336388, 0.621171, -0.0294155, 0.999422, -0.0170461, 1.73471, -2.55465, -2.53762)
bind/18/name = &"Index2.L"
bind/18/bone = -1
bind/18/pose = Transform3D(-0.862662, 0.0668878, 0.501339, 0.503601, 0.0216376, 0.863666, 0.0469208, 0.997526, -0.0523507, 2.39101, -1.9052, -2.76254)
bind/19/name = &"Palm3.L"
bind/19/bone = -1
bind/19/pose = Transform3D(-0.0662389, 0.70016, 0.710907, 0.735425, -0.447263, 0.509025, 0.674361, 0.556535, -0.485289, -1.51316, -0.866603, -3.19252)
bind/20/name = &"Ring1.L"
bind/20/bone = -1
bind/20/pose = Transform3D(-0.621385, -0.00492547, 0.78349, 0.782953, 0.0336387, 0.621171, -0.0294153, 0.999422, -0.0170462, 1.73287, -2.54212, -2.16519)
bind/21/name = &"Ring2.L"
bind/21/bone = -1
bind/21/pose = Transform3D(-0.862662, 0.0668878, 0.501339, 0.503601, 0.0216375, 0.863666, 0.0469208, 0.997526, -0.0523506, 2.41594, -1.89713, -2.39082)
bind/22/name = &"Shoulder.R"
bind/22/bone = -1
bind/22/pose = Transform3D(-0.00985831, 0.999951, -1.1798e-06, -0.999951, -0.00985827, -2.583e-07, -2.6966e-07, 1.2193e-06, 1, -2.44567, -0.612736, 0.01684)
bind/23/name = &"UpperArm.R"
bind/23/bone = -1
bind/23/pose = Transform3D(-0.059884, -0.264982, -0.962392, -0.997802, -0.0115334, 0.0652628, -0.0283932, 0.964184, -0.263709, 0.585696, -0.708141, -2.37659)
bind/24/name = &"LowerArm.R"
bind/24/bone = -1
bind/24/pose = Transform3D(0.0357706, -0.177215, -0.983522, -0.999184, 0.0121342, -0.0385265, 0.0187617, 0.984097, -0.176636, 0.498287, -1.3406, -2.36491)
bind/25/name = &"Palm2.R"
bind/25/bone = -1
bind/25/pose = Transform3D(-0.584385, -0.0157913, -0.811323, -0.811424, 1.41095e-07, 0.584458, -0.00922928, 0.999875, -0.0128134, -1.56057, -2.16502, -2.47356)
bind/26/name = &"Middle1.R"
bind/26/bone = -1
bind/26/pose = Transform3D(-0.621162, -0.00524375, -0.783665, -0.783676, 1.19908e-07, 0.62117, -0.00325723, 0.999986, -0.00410936, -1.70156, -2.45995, -2.45757)
bind/27/name = &"Middle2.R"
bind/27/bone = -1
bind/27/pose = Transform3D(-0.861743, 0.0667231, -0.502939, -0.504062, 1.30385e-07, 0.863667, 0.0576265, 0.997771, 0.0336326, -2.7183, -1.84427, -2.2723)
bind/28/name = &"Thumb.R"
bind/28/bone = -1
bind/28/pose = Transform3D(0.992548, 0.00649203, -0.121687, 0.0473774, 0.899462, 0.434424, 0.112273, -0.436951, 0.892451, 2.5523, -2.27392, 1.39228)
bind/29/name = &"Thumb2.R"
bind/29/bone = -1
bind/29/pose = Transform3D(-0.537924, -0.593683, 0.59848, -0.378502, 0.804457, 0.457805, -0.753243, 0.019738, -0.657447, 0.184237, -3.24788, -1.91859)
bind/30/name = &"Palm1.R"
bind/30/bone = -1
bind/30/pose = Transform3D(-0.16624, -0.860421, 0.481705, -0.742005, 0.430888, 0.51358, -0.649456, -0.27205, -0.710068, 1.67503, -3.03555, -1.10495)
bind/31/name = &"Index.R"
bind/31/bone = -1
bind/31/pose = Transform3D(-0.621385, -0.0895066, -0.778376, -0.782953, 0.0336388, 0.621171, -0.0294154, 0.995418, -0.0909821, -1.4882, -2.55586, -2.69018)
bind/32/name = &"Index2.R"
bind/32/bone = -1
bind/32/pose = Transform3D(-0.862662, 0.0416992, -0.50406, -0.5036, 0.0216376, 0.863665, 0.0469208, 0.998896, 0.00233387, -2.67787, -1.90597, -2.48684)
bind/33/name = &"Palm3.R"
bind/33/bone = -1
bind/33/pose = Transform3D(-0.0662385, 0.795065, 0.602897, -0.735425, -0.447263, 0.509025, 0.674361, -0.409668, 0.614336, -2.10552, -0.867741, 2.83814)
bind/34/name = &"Ring1.R"
bind/34/bone = -1
bind/34/pose = Transform3D(-0.621385, -0.0895066, -0.778376, -0.782953, 0.0336389, 0.621171, -0.0294153, 0.995418, -0.090982, -1.52155, -2.54333, -2.31924)
bind/35/name = &"Ring2.R"
bind/35/bone = -1
bind/35/pose = Transform3D(-0.862662, 0.0416992, -0.50406, -0.503601, 0.0216378, 0.863666, 0.0469209, 0.998896, 0.00233384, -2.66233, -1.89791, -2.11461)
bind/36/name = &"UpperLeg.L"
bind/36/bone = -1
bind/36/pose = Transform3D(1, -6.37754e-08, -5.18409e-07, 2.8821e-08, -0.984268, 0.176682, -5.21512e-07, -0.176682, -0.984262, -0.630297, 1.52497, 0.202735)
bind/37/name = &"LowerLeg.L"
bind/37/bone = -1
bind/37/pose = Transform3D(1, 4.47869e-08, -2.50199e-07, -3.49737e-09, -0.981834, -0.189742, -2.54141e-07, 0.189744, -0.981828, -0.630297, 0.925631, -0.140113)
bind/38/name = &"UpperLeg.R"
bind/38/bone = -1
bind/38/pose = Transform3D(1, 1.07397e-07, 4.35158e-07, 2.8822e-08, -0.984268, 0.176682, 4.47291e-07, -0.176682, -0.984262, 0.643306, 1.52497, 0.202735)
bind/39/name = &"LowerLeg.R"
bind/39/bone = -1
bind/39/pose = Transform3D(1, 9.04121e-08, -1.87383e-07, 5.3215e-08, -0.981834, -0.189742, -2.01134e-07, 0.189744, -0.981828, 0.643306, 0.925631, -0.140114)
bind/40/name = &"PoleTarget.L"
bind/40/bone = -1
bind/40/pose = Transform3D(1, 0, -7.15256e-07, 0, 1, 0, 7.15256e-07, 0, 1, -0.625168, -1.0522, -1.51444)
bind/41/name = &"Foot.R"
bind/41/bone = -1
bind/41/pose = Transform3D(-1, 1.63588e-06, 3.46717e-07, 2.93497e-07, -0.0324215, 0.999474, 1.64626e-06, 0.999474, 0.0324216, -0.640076, 0.138762, -0.0202047)
bind/42/name = &"PoleTarget.R"
bind/42/bone = -1
bind/42/pose = Transform3D(1, 0, -7.15256e-07, 0, 1, 0, 7.15256e-07, 0, 1, 0.648435, -1.0522, -1.51444)

[sub_resource type="Animation" id="Animation_od8un"]
resource_name = "Turn"
length = 0.958333
loop_mode = 1
tracks/0/type = "position_3d"
tracks/0/imported = true
tracks/0/enabled = true
tracks/0/path = NodePath("RobotArmature/Skeleton3D:Foot.L")
tracks/0/interp = 1
tracks/0/loop_wrap = true
tracks/0/keys = PackedFloat32Array(0, 1, 0.636722, 0.071346, 0.817331, 0.0666667, 1, 0.636722, 0.0546161, 0.697288, 0.1, 1, 0.636722, 0.0504336, 0.655675, 0.133333, 1, 0.636722, 0.0504336, 0.619412, 0.166667, 1, 0.636722, 0.0504336, 0.543975, 0.2, 1, 0.636722, 0.0504336, 0.420058, 0.233333, 1, 0.636722, 0.0504336, 0.277202, 0.266667, 1, 0.636722, 0.0504336, 0.12829, 0.3, 1, 0.636722, 0.0504168, -0.0341384, 0.333333, 1, 0.636722, 0.0503496, -0.237892, 0.366667, 1, 0.636722, 0.0502739, -0.477785, 0.4, 1, 0.636722, 0.0503622, -0.613547, 0.433333, 1, 0.636722, 0.101499, -0.664073, 0.466667, 1, 0.636722, 0.192368, -0.664206, 0.5, 1, 0.636722, 0.249449, -0.664738, 0.533333, 1, 0.636722, 0.294499, -0.664205, 0.566667, 1, 0.636722, 0.3569, -0.624418, 0.6, 1, 0.636722, 0.431194, -0.522926, 0.633333, 1, 0.636722, 0.506612, -0.362862, 0.666667, 1, 0.636722, 0.567075, -0.172946, 0.7, 1, 0.636722, 0.58493, -0.0195926, 0.733333, 1, 0.636722, 0.570927, 0.109917, 0.766667, 1, 0.636722, 0.530497, 0.230916, 0.8, 1, 0.636722, 0.468922, 0.350646, 0.833333, 1, 0.636722, 0.391336, 0.468258, 0.866667, 1, 0.636722, 0.300157, 0.580538, 0.9, 1, 0.636722, 0.205665, 0.684734, 0.933333, 1, 0.636722, 0.123259, 0.768223, 0.958333, 1, 0.636722, 0.071346, 0.817331)
tracks/1/type = "rotation_3d"
tracks/1/imported = true
tracks/1/enabled = true
tracks/1/path = NodePath("RobotArmature/Skeleton3D:Foot.L")
tracks/1/interp = 1
tracks/1/loop_wrap = true
tracks/1/keys = PackedFloat32Array(0, 1, 5.36712e-08, 0.843522, 0.537094, 2.13289e-07, 0.0333333, 1, 3.92599e-08, 0.784204, 0.620504, 2.11116e-07, 0.0666667, 1, 1.92301e-08, 0.725552, 0.688168, 1.6558e-07, 0.1, 1, 8.27772e-09, 0.69555, 0.718478, 1.35428e-07, 0.4, 1, 8.27772e-09, 0.69555, 0.718478, 1.35428e-07, 0.433333, 1, -1.01287e-09, 0.660789, 0.750571, 1.18682e-07, 0.466667, 1, -1.71778e-08, 0.592675, 0.805442, 9.29112e-08, 0.5, 1, -2.6084e-08, 0.53819, 0.842824, 9.20026e-08, 0.533333, 1, -3.49396e-08, 0.516745, 0.856139, 5.91719e-08, 0.566667, 1, -3.71502e-08, 0.511332, 0.859383, 5.09576e-08, 0.7, 1, -3.71502e-08, 0.511332, 0.859383, 5.09576e-08, 0.733333, 1, -3.28021e-08, 0.521599, 0.853191, 5.33218e-08, 0.766667, 1, -2.22018e-08, 0.54627, 0.837609, 5.90428e-08, 0.8, 1, -4.7692e-09, 0.585739, 0.8105, 6.83201e-08, 0.833333, 1, 1.8694e-08, 0.636704, 0.771109, 8.05506e-08, 0.866667, 1, 4.89147e-08, 0.698679, 0.715435, 9.58679e-08, 0.9, 1, 8.19032e-08, 0.761503, 0.648162, 1.12014e-07, 0.933333, 1, 8.07447e-08, 0.813065, 0.582172, 1.57466e-07, 0.958333, 1, 5.36712e-08, 0.843522, 0.537094, 2.13289e-07)
tracks/2/type = "position_3d"
tracks/2/imported = true
tracks/2/enabled = true
tracks/2/path = NodePath("RobotArmature/Skeleton3D:Body")
tracks/2/interp = 1
tracks/2/loop_wrap = true
tracks/2/keys = PackedFloat32Array(0, 1, 0.0382398, 1.27918, 0.307837, 0.0333333, 1, 0.0377035, 1.27003, 0.307837, 0.0666667, 1, 0.035547, 1.23674, 0.307837, 0.1, 1, 0.0318206, 1.19403, 0.307837, 0.133333, 1, 0.0271276, 1.17268, 0.307837, 0.166667, 1, 0.0226247, 1.21952, 0.307837, 0.2, 1, 0.0172403, 1.32876, 0.307837, 0.233333, 1, 0.0141112, 1.39948, 0.307837, 0.266667, 1, 0.0126479, 1.43555, 0.307837, 0.3, 1, 0.0128727, 1.43939, 0.30784, 0.333333, 1, 0.0154205, 1.41193, 0.307851, 0.366667, 1, 0.0228353, 1.332, 0.307883, 0.4, 1, 0.0265999, 1.29142, 0.3079, 0.433333, 1, 0.0278593, 1.27131, 0.307905, 0.466667, 1, 0.0277731, 1.2478, 0.307904, 0.5, 1, 0.0275157, 1.19199, 0.307901, 0.533333, 1, 0.0265935, 1.21056, 0.307896, 0.566667, 1, 0.0248533, 1.25443, 0.307888, 0.6, 1, 0.0224967, 1.31416, 0.307878, 0.633333, 1, 0.0198185, 1.37761, 0.307867, 0.666667, 1, 0.0172064, 1.42991, 0.307856, 0.7, 1, 0.0152646, 1.44848, 0.307849, 0.733333, 1, 0.0134672, 1.44982, 0.307842, 0.766667, 1, 0.0124498, 1.44707, 0.307838, 0.8, 1, 0.0133033, 1.4394, 0.307837, 0.833333, 1, 0.0175732, 1.41196, 0.307837, 0.866667, 1, 0.02753, 1.34799, 0.307837, 0.9, 1, 0.0339761, 1.30658, 0.307837, 0.933333, 1, 0.0372644, 1.28545, 0.307837, 0.958333, 1, 0.0382398, 1.27918, 0.307837)
tracks/3/type = "rotation_3d"
tracks/3/imported = true
tracks/3/enabled = true
tracks/3/path = NodePath("RobotArmature/Skeleton3D:Body")
tracks/3/interp = 1
tracks/3/loop_wrap = true
tracks/3/keys = PackedFloat32Array(0, 1, 1.31231e-05, 0.0741071, -0.0153743, 0.997132, 0.0333333, 1, 9.7166e-06, 0.0732755, -0.01532, 0.997194, 0.0666667, 1, -9.96649e-06, 0.069763, -0.0150064, 0.997451, 0.1, 1, -6.93662e-05, 0.0629786, -0.0140612, 0.997916, 0.166667, 1, -0.000266932, 0.0446805, -0.0108716, 0.998942, 0.2, 1, -0.000567469, 0.0330029, -0.00775009, 0.999425, 0.233333, 1, -0.00103123, 0.0233962, -0.00345491, 0.99972, 0.266667, 1, -0.00158121, 0.0155442, 0.00145559, 0.999877, 0.3, 1, -0.00250401, 0.00844266, 0.00781264, 0.999931, 0.333333, 1, -0.00444963, 0.00039855, 0.0178361, 0.999831, 0.366667, 1, -0.00874426, -0.00895111, 0.0349832, 0.99931, 0.4, 1, -0.0108638, -0.0130784, 0.0431566, 0.998924, 0.433333, 1, -0.0115514, -0.0142704, 0.0457132, 0.998786, 0.5, 1, -0.0113183, -0.014237, 0.0448763, 0.998827, 0.533333, 1, -0.0106348, -0.0121293, 0.0413477, 0.999015, 0.566667, 1, -0.00933558, -0.00719854, 0.0342722, 0.999343, 0.6, 1, -0.00761153, -0.000500216, 0.025049, 0.999657, 0.633333, 1, -0.00572222, 0.00660606, 0.0154565, 0.999842, 0.666667, 1, -0.00399635, 0.0124577, 0.00765278, 0.999885, 0.7, 1, -0.00293892, 0.0145314, 0.00490519, 0.999878, 0.733333, 1, -0.00201592, 0.0159557, 0.00207611, 0.999869, 0.766667, 1, -0.00175311, 0.0141172, 0.00251141, 0.999896, 0.8, 1, -0.0020293, 0.0120921, 0.00529218, 0.999911, 0.833333, 1, -0.00207636, 0.0186463, 0.00523481, 0.99981, 0.866667, 1, -0.00114708, 0.0445989, -0.00402107, 0.998996, 0.9, 1, -0.000472502, 0.0621256, -0.010648, 0.998012, 0.933333, 1, -0.000101388, 0.0713328, -0.0142633, 0.997351, 0.958333, 1, 1.31231e-05, 0.0741071, -0.0153743, 0.997132)
tracks/4/type = "rotation_3d"
tracks/4/imported = true
tracks/4/enabled = true
tracks/4/path = NodePath("RobotArmature/Skeleton3D:Neck")
tracks/4/interp = 1
tracks/4/loop_wrap = true
tracks/4/keys = PackedFloat32Array(0, 1, -0.0400397, -0.0190464, 0.00622726, 0.998997, 0.1, 1, -0.040045, -0.0192286, 0.0065906, 0.998991, 0.133333, 1, -0.0400606, -0.0197583, 0.00764731, 0.998973, 0.166667, 1, -0.0400905, -0.0207843, 0.00969409, 0.998933, 0.2, 1, -0.0401287, -0.0221015, 0.012322, 0.998874, 0.233333, 1, -0.0401603, -0.0232001, 0.0145139, 0.998819, 0.266667, 1, -0.0401801, -0.023895, 0.0159004, 0.99878, 0.3, 1, -0.0396042, -0.0237049, 0.0150122, 0.998821, 0.366667, 1, -0.0349307, -0.0199981, 0.0035456, 0.999183, 0.4, 1, -0.0344797, -0.0195363, 0.00229094, 0.999212, 0.433333, 1, -0.0347361, -0.0195399, 0.00263411, 0.999202, 0.466667, 1, -0.0357469, -0.0217102, 0.00253616, 0.999122, 0.533333, 1, -0.0418178, -0.0390405, -0.000935478, 0.998362, 0.566667, 1, -0.0423799, -0.0387752, 0.000833554, 0.998348, 0.6, 1, -0.0421789, -0.0352705, 0.00381484, 0.99848, 0.633333, 1, -0.0420173, -0.0315901, 0.00682523, 0.998594, 0.666667, 1, -0.041794, -0.0281728, 0.00979119, 0.998681, 0.7, 1, -0.0413199, -0.0258411, 0.0125751, 0.998733, 0.733333, 1, -0.0405933, -0.0246041, 0.0151756, 0.998757, 0.766667, 1, -0.0388376, -0.0252523, 0.0177783, 0.998768, 0.8, 1, -0.036281, -0.027436, 0.0200911, 0.998763, 0.833333, 1, -0.0341577, -0.0296656, 0.021345, 0.998748, 0.866667, 1, -0.0351444, -0.0278867, 0.0188119, 0.998816, 0.9, 1, -0.0370365, -0.0244726, 0.0139512, 0.998917, 0.933333, 1, -0.0388958, -0.0211143, 0.00917053, 0.998978, 0.958333, 1, -0.0400397, -0.0190464, 0.00622726, 0.998997)
tracks/5/type = "position_3d"
tracks/5/imported = true
tracks/5/enabled = true
tracks/5/path = NodePath("RobotArmature/Skeleton3D:Head")
tracks/5/interp = 0
tracks/5/loop_wrap = true
tracks/5/keys = PackedFloat32Array(0, 1, -1.05369e-09, 0.309866, 4.39869e-10)
tracks/6/type = "rotation_3d"
tracks/6/imported = true
tracks/6/enabled = true
tracks/6/path = NodePath("RobotArmature/Skeleton3D:Head")
tracks/6/interp = 1
tracks/6/loop_wrap = true
tracks/6/keys = PackedFloat32Array(0, 1, -0.0225025, -0.0388357, -0.00114645, 0.998992, 0.0666667, 1, -0.0232994, -0.0265731, -0.00120038, 0.999375, 0.1, 1, -0.023498, -0.0235067, -0.00121383, 0.999447, 0.233333, 1, -0.023498, -0.0235067, -0.00121383, 0.999447, 0.266667, 1, -0.0223992, -0.0235054, -0.00121696, 0.999472, 0.333333, 1, -0.0180034, -0.0234995, -0.00122945, 0.999561, 0.366667, 1, -0.0190653, -0.023501, -0.00122644, 0.999541, 0.4, 1, -0.0210348, -0.0235036, -0.00122084, 0.999502, 0.433333, 1, -0.0227017, -0.0235057, -0.00121609, 0.999465, 0.733333, 1, -0.023498, -0.0235067, -0.00121383, 0.999447, 0.766667, 1, -0.0223992, -0.0235054, -0.00121696, 0.999472, 0.833333, 1, -0.0180034, -0.0234995, -0.00122945, 0.999561, 0.866667, 1, -0.018587, -0.0254882, -0.00121871, 0.999502, 0.9, 1, -0.0202953, -0.0313107, -0.00118722, 0.999303, 0.933333, 1, -0.021803, -0.0364507, -0.00115938, 0.999097, 0.958333, 1, -0.0225025, -0.0388357, -0.00114645, 0.998992)
tracks/7/type = "position_3d"
tracks/7/imported = true
tracks/7/enabled = true
tracks/7/path = NodePath("RobotArmature/Skeleton3D:Shoulder.L")
tracks/7/interp = 0
tracks/7/loop_wrap = true
tracks/7/keys = PackedFloat32Array(0, 1, 0.582738, 0.29672, 0.0324413)
tracks/8/type = "rotation_3d"
tracks/8/imported = true
tracks/8/enabled = true
tracks/8/path = NodePath("RobotArmature/Skeleton3D:Shoulder.L")
tracks/8/interp = 0
tracks/8/loop_wrap = true
tracks/8/keys = PackedFloat32Array(0, 1, -0.0114497, -0.0532471, -0.9762, 0.209923)
tracks/9/type = "rotation_3d"
tracks/9/imported = true
tracks/9/enabled = true
tracks/9/path = NodePath("RobotArmature/Skeleton3D:UpperArm.L")
tracks/9/interp = 1
tracks/9/loop_wrap = true
tracks/9/keys = PackedFloat32Array(0, 1, -0.0947211, -0.665435, 0.11091, 0.732067, 0.0666667, 1, -0.0947211, -0.665435, 0.11091, 0.732067, 0.1, 1, -0.0934891, -0.66623, 0.109631, 0.731695, 0.133333, 1, -0.0897293, -0.66864, 0.105727, 0.730542, 0.166667, 1, -0.0820765, -0.673462, 0.0977795, 0.728115, 0.2, 1, -0.0703364, -0.680647, 0.0855832, 0.724188, 0.233333, 1, -0.0576371, -0.688132, 0.0723856, 0.719661, 0.3, 1, -0.0327539, -0.70194, 0.0465111, 0.709961, 0.333333, 1, -0.0186169, -0.709281, 0.0318021, 0.703962, 0.366667, 1, -0.00036613, -0.718221, 0.0128037, 0.695697, 0.4, 1, 0.0153174, -0.72542, -0.00353069, 0.688127, 0.433333, 1, 0.0253249, -0.72978, -0.0139575, 0.68307, 0.466667, 1, 0.0292187, -0.731428, -0.0180153, 0.681055, 0.533333, 1, 0.0292187, -0.731428, -0.0180153, 0.681055, 0.566667, 1, 0.027776, -0.73082, -0.0165117, 0.681805, 0.6, 1, 0.0238007, -0.729128, -0.0123692, 0.683851, 0.633333, 1, 0.0168371, -0.726094, -0.00511382, 0.68737, 0.666667, 1, 0.00706466, -0.721688, 0.00506552, 0.692164, 0.733333, 1, -0.0168826, -0.710157, 0.0299972, 0.703201, 0.766667, 1, -0.0282549, -0.704316, 0.0418308, 0.70809, 0.8, 1, -0.0391385, -0.698505, 0.0531519, 0.712554, 0.833333, 1, -0.05054, -0.692186, 0.0650077, 0.717006, 0.9, 1, -0.077467, -0.676313, 0.0929915, 0.726603, 0.933333, 1, -0.0884172, -0.669474, 0.104365, 0.730133, 0.958333, 1, -0.0947211, -0.665435, 0.11091, 0.732067)
tracks/10/type = "rotation_3d"
tracks/10/imported = true
tracks/10/enabled = true
tracks/10/path = NodePath("RobotArmature/Skeleton3D:LowerArm.L")
tracks/10/interp = 1
tracks/10/loop_wrap = true
tracks/10/keys = PackedFloat32Array(0, 1, 0.325306, 0.483174, -0.379122, 0.719017, 0.166667, 1, 0.324594, 0.483939, -0.378464, 0.719171, 0.233333, 1, 0.323604, 0.485, -0.377548, 0.719384, 0.9, 1, 0.324492, 0.484049, -0.378369, 0.719193, 0.958333, 1, 0.325306, 0.483174, -0.379122, 0.719017)
tracks/11/type = "rotation_3d"
tracks/11/imported = true
tracks/11/enabled = true
tracks/11/path = NodePath("RobotArmature/Skeleton3D:Middle1.L")
tracks/11/interp = 0
tracks/11/loop_wrap = true
tracks/11/keys = PackedFloat32Array(0, 1, -0.00442114, 0.023824, -0.552072, 0.833444)
tracks/12/type = "rotation_3d"
tracks/12/imported = true
tracks/12/enabled = true
tracks/12/path = NodePath("RobotArmature/Skeleton3D:Middle2.L")
tracks/12/interp = 0
tracks/12/loop_wrap = true
tracks/12/keys = PackedFloat32Array(0, 1, -0.0381109, 0.000934106, -0.699656, 0.713462)
tracks/13/type = "rotation_3d"
tracks/13/imported = true
tracks/13/enabled = true
tracks/13/path = NodePath("RobotArmature/Skeleton3D:Thumb.L")
tracks/13/interp = 0
tracks/13/loop_wrap = true
tracks/13/keys = PackedFloat32Array(0, 1, 0.729874, 0.635341, 0.211089, 0.13808)
tracks/14/type = "rotation_3d"
tracks/14/imported = true
tracks/14/enabled = true
tracks/14/path = NodePath("RobotArmature/Skeleton3D:Thumb2.L")
tracks/14/interp = 0
tracks/14/loop_wrap = true
tracks/14/keys = PackedFloat32Array(0, 1, 0.248974, -0.627184, -0.630886, 0.382928)
tracks/15/type = "rotation_3d"
tracks/15/imported = true
tracks/15/enabled = true
tracks/15/path = NodePath("RobotArmature/Skeleton3D:Index.L")
tracks/15/interp = 0
tracks/15/loop_wrap = true
tracks/15/keys = PackedFloat32Array(0, 1, 0.0467353, -0.396111, -0.589061, 0.702794)
tracks/16/type = "rotation_3d"
tracks/16/imported = true
tracks/16/enabled = true
tracks/16/path = NodePath("RobotArmature/Skeleton3D:Index2.L")
tracks/16/interp = 0
tracks/16/loop_wrap = true
tracks/16/keys = PackedFloat32Array(0, 1, -0.0425872, -0.0183796, -0.699962, 0.712672)
tracks/17/type = "rotation_3d"
tracks/17/imported = true
tracks/17/enabled = true
tracks/17/path = NodePath("RobotArmature/Skeleton3D:Ring1.L")
tracks/17/interp = 0
tracks/17/loop_wrap = true
tracks/17/keys = PackedFloat32Array(0, 1, -0.0680167, 0.483185, -0.584014, 0.648717)
tracks/18/type = "rotation_3d"
tracks/18/imported = true
tracks/18/enabled = true
tracks/18/path = NodePath("RobotArmature/Skeleton3D:Ring2.L")
tracks/18/interp = 0
tracks/18/loop_wrap = true
tracks/18/keys = PackedFloat32Array(0, 1, -0.0425873, -0.0183795, -0.699962, 0.712672)
tracks/19/type = "position_3d"
tracks/19/imported = true
tracks/19/enabled = true
tracks/19/path = NodePath("RobotArmature/Skeleton3D:Shoulder.R")
tracks/19/interp = 0
tracks/19/loop_wrap = true
tracks/19/keys = PackedFloat32Array(0, 1, -0.636816, 0.296747, 0.0324391)
tracks/20/type = "rotation_3d"
tracks/20/imported = true
tracks/20/enabled = true
tracks/20/path = NodePath("RobotArmature/Skeleton3D:Shoulder.R")
tracks/20/interp = 1
tracks/20/loop_wrap = true
tracks/20/keys = PackedFloat32Array(0, 1, -0.012289, 0.0530604, 0.972768, 0.225291, 0.0666667, 1, -0.012289, 0.0530604, 0.972768, 0.225291, 0.1, 1, -0.0155011, 0.0669293, 0.971912, 0.225093, 0.166667, 1, -0.028311, 0.12224, 0.966514, 0.223843, 0.2, 1, -0.0252246, 0.108914, 0.968107, 0.224212, 0.233333, 1, -0.0194842, 0.0841278, 0.970575, 0.224783, 0.266667, 1, -0.0146162, 0.0631085, 0.972168, 0.225152, 0.3, 1, -0.012289, 0.0530604, 0.972768, 0.225291, 0.533333, 1, -0.012289, 0.0530604, 0.972768, 0.225291, 0.566667, 1, -0.00578716, 0.0249864, 0.973894, 0.225552, 0.6, 1, 0.00288858, -0.012474, 0.974134, 0.225608, 0.633333, 1, 0.00924307, -0.0399115, 0.973396, 0.225437, 0.666667, 1, 0.00864219, -0.0373171, 0.973499, 0.22546, 0.7, 1, 0.00684729, -0.0295669, 0.973765, 0.225522, 0.733333, 1, 0.00427672, -0.0184677, 0.974039, 0.225586, 0.766667, 1, 0.00113741, -0.00491272, 0.974202, 0.225623, 0.833333, 1, -0.00576057, 0.0248716, 0.973897, 0.225552, 0.866667, 1, -0.00858894, 0.037084, 0.973508, 0.225462, 0.9, 1, -0.0106415, 0.0459466, 0.97313, 0.225375, 0.933333, 1, -0.0118387, 0.0511158, 0.972872, 0.225315, 0.958333, 1, -0.012289, 0.0530604, 0.972768, 0.225291)
tracks/21/type = "rotation_3d"
tracks/21/imported = true
tracks/21/enabled = true
tracks/21/path = NodePath("RobotArmature/Skeleton3D:UpperArm.R")
tracks/21/interp = 1
tracks/21/loop_wrap = true
tracks/21/keys = PackedFloat32Array(0, 1, -0.0466024, 0.760485, -0.0569126, 0.645175, 0.1, 1, -0.0468088, 0.76036, -0.0571745, 0.645284, 0.133333, 1, -0.047581, 0.759893, -0.0581544, 0.645691, 0.166667, 1, -0.0494312, 0.758767, -0.0605021, 0.64666, 0.2, 1, -0.0536366, 0.756175, -0.0658383, 0.648836, 0.233333, 1, -0.0597992, 0.752294, -0.0736582, 0.65196, 0.266667, 1, -0.0676228, 0.747226, -0.0835864, 0.655816, 0.3, 1, -0.077941, 0.740299, -0.0966808, 0.660709, 0.333333, 1, -0.0926975, 0.729907, -0.115409, 0.667326, 0.366667, 1, -0.11488, 0.713199, -0.143565, 0.676417, 0.4, 1, -0.134788, 0.697068, -0.168837, 0.683682, 0.433333, 1, -0.147784, 0.685946, -0.185337, 0.687959, 0.466667, 1, -0.152954, 0.681389, -0.191901, 0.689556, 0.533333, 1, -0.152954, 0.681389, -0.1919, 0.689556, 0.566667, 1, -0.150795, 0.683302, -0.189159, 0.688897, 0.6, 1, -0.14501, 0.68836, -0.181815, 0.687078, 0.633333, 1, -0.135151, 0.696764, -0.169298, 0.683807, 0.666667, 1, -0.121796, 0.707718, -0.152344, 0.679038, 0.7, 1, -0.106807, 0.719432, -0.133318, 0.673228, 0.733333, 1, -0.0930642, 0.729641, -0.115874, 0.667484, 0.766667, 1, -0.0815368, 0.737819, -0.101244, 0.662363, 0.8, 1, -0.0724184, 0.744041, -0.0896721, 0.658117, 0.833333, 1, -0.0651135, 0.748869, -0.080402, 0.654593, 0.866667, 1, -0.0586122, 0.753049, -0.072152, 0.651364, 0.9, 1, -0.0529429, 0.756606, -0.0649581, 0.648479, 0.933333, 1, -0.0487889, 0.759159, -0.0596871, 0.646324, 0.958333, 1, -0.0466024, 0.760485, -0.0569126, 0.645176)
tracks/22/type = "rotation_3d"
tracks/22/imported = true
tracks/22/enabled = true
tracks/22/path = NodePath("RobotArmature/Skeleton3D:LowerArm.R")
tracks/22/interp = 1
tracks/22/loop_wrap = true
tracks/22/keys = PackedFloat32Array(0, 1, 0.26201, -0.582711, 0.416617, 0.646706, 0.0666667, 1, 0.262011, -0.582711, 0.416617, 0.646706, 0.1, 1, 0.261916, -0.583796, 0.415137, 0.646717, 0.133333, 1, 0.261616, -0.586944, 0.410824, 0.646744, 0.166667, 1, 0.260973, -0.592994, 0.402432, 0.646761, 0.2, 1, 0.25989, -0.600676, 0.39158, 0.646769, 0.233333, 1, 0.258637, -0.607007, 0.382461, 0.646818, 0.266667, 1, 0.257363, -0.610977, 0.376651, 0.646998, 0.3, 1, 0.256127, -0.612536, 0.374338, 0.647356, 0.333333, 1, 0.254887, -0.612554, 0.374305, 0.647847, 0.366667, 1, 0.253446, -0.612577, 0.374307, 0.648389, 0.4, 1, 0.251873, -0.612586, 0.374361, 0.648963, 0.433333, 1, 0.250191, -0.612562, 0.374487, 0.649562, 0.666667, 1, 0.239121, -0.609602, 0.379622, 0.653525, 0.7, 1, 0.238297, -0.608569, 0.381157, 0.653894, 0.733333, 1, 0.237721, -0.607401, 0.382852, 0.654199, 0.766667, 1, 0.237388, -0.606107, 0.384692, 0.654441, 0.8, 1, 0.237839, -0.604343, 0.387172, 0.654447, 0.833333, 1, 0.24016, -0.601403, 0.391292, 0.653857, 0.866667, 1, 0.245791, -0.596356, 0.398306, 0.65215, 0.9, 1, 0.252466, -0.59067, 0.406053, 0.649993, 0.933333, 1, 0.258389, -0.585712, 0.412673, 0.64798, 0.958333, 1, 0.26201, -0.582711, 0.416617, 0.646706)
tracks/23/type = "rotation_3d"
tracks/23/imported = true
tracks/23/enabled = true
tracks/23/path = NodePath("RobotArmature/Skeleton3D:Middle1.R")
tracks/23/interp = 0
tracks/23/loop_wrap = true
tracks/23/keys = PackedFloat32Array(0, 1, -0.0436784, -0.0103278, 0.525089, 0.849863)
tracks/24/type = "rotation_3d"
tracks/24/imported = true
tracks/24/enabled = true
tracks/24/path = NodePath("RobotArmature/Skeleton3D:Middle2.R")
tracks/24/interp = 0
tracks/24/loop_wrap = true
tracks/24/keys = PackedFloat32Array(0, 1, 0.0348681, -0.0390055, 0.504719, 0.861697)
tracks/25/type = "rotation_3d"
tracks/25/imported = true
tracks/25/enabled = true
tracks/25/path = NodePath("RobotArmature/Skeleton3D:Thumb.R")
tracks/25/interp = 0
tracks/25/loop_wrap = true
tracks/25/keys = PackedFloat32Array(0, 1, 0.669465, -0.587013, -0.279996, 0.358935)
tracks/26/type = "rotation_3d"
tracks/26/imported = true
tracks/26/enabled = true
tracks/26/path = NodePath("RobotArmature/Skeleton3D:Thumb2.R")
tracks/26/interp = 0
tracks/26/loop_wrap = true
tracks/26/keys = PackedFloat32Array(0, 1, 0.135572, -0.735133, -0.594621, 0.296016)
tracks/27/type = "rotation_3d"
tracks/27/imported = true
tracks/27/enabled = true
tracks/27/path = NodePath("RobotArmature/Skeleton3D:Index.R")
tracks/27/interp = 0
tracks/27/loop_wrap = true
tracks/27/keys = PackedFloat32Array(0, 1, -0.504663, -0.573821, 0.135774, 0.630564)
tracks/28/type = "rotation_3d"
tracks/28/imported = true
tracks/28/enabled = true
tracks/28/path = NodePath("RobotArmature/Skeleton3D:Index2.R")
tracks/28/interp = 0
tracks/28/loop_wrap = true
tracks/28/keys = PackedFloat32Array(0, 1, -0.0418692, -0.0120427, 0.527238, 0.8486)
tracks/29/type = "rotation_3d"
tracks/29/imported = true
tracks/29/enabled = true
tracks/29/path = NodePath("RobotArmature/Skeleton3D:Palm3.R")
tracks/29/interp = 0
tracks/29/loop_wrap = true
tracks/29/keys = PackedFloat32Array(0, 1, 0.115109, -0.858055, 0.363121, 0.344435)
tracks/30/type = "rotation_3d"
tracks/30/imported = true
tracks/30/enabled = true
tracks/30/path = NodePath("RobotArmature/Skeleton3D:Ring1.R")
tracks/30/interp = 0
tracks/30/loop_wrap = true
tracks/30/keys = PackedFloat32Array(0, 1, 0.575218, 0.552901, 0.116743, 0.591435)
tracks/31/type = "rotation_3d"
tracks/31/imported = true
tracks/31/enabled = true
tracks/31/path = NodePath("RobotArmature/Skeleton3D:Ring2.R")
tracks/31/interp = 0
tracks/31/loop_wrap = true
tracks/31/keys = PackedFloat32Array(0, 1, 0.138603, 0.024903, 0.427063, 0.893189)
tracks/32/type = "rotation_3d"
tracks/32/imported = true
tracks/32/enabled = true
tracks/32/path = NodePath("RobotArmature/Skeleton3D:UpperLeg.L")
tracks/32/interp = 1
tracks/32/loop_wrap = true
tracks/32/keys = PackedFloat32Array(0, 1, 0.915321, -0.0116064, 0.0939598, 0.391439, 0.0333333, 1, 0.902578, -0.0149779, 0.0921869, 0.420274, 0.0666667, 1, 0.882284, -0.0183168, 0.0875165, 0.462148, 0.1, 1, 0.859838, -0.0200005, 0.0797827, 0.503898, 0.133333, 1, 0.8497, -0.0187489, 0.070324, 0.52222, 0.166667, 1, 0.873462, -0.0135918, 0.0617931, 0.482764, 0.2, 1, 0.928087, -0.00652011, 0.0502912, 0.368894, 0.233333, 1, 0.964245, -0.0044781, 0.0397733, 0.261973, 0.266667, 1, 0.985402, -0.00603659, 0.0309282, 0.167304, 0.3, 1, 0.99673, -0.0113868, 0.023629, 0.0764308, 0.333333, 1, -0.999065, 0.0223044, -0.0168201, 0.0330111, 0.366667, 1, -0.980669, 0.0437228, -0.0167182, 0.18999, 0.4, 1, -0.965808, 0.0543474, -0.0176694, 0.252882, 0.433333, 1, -0.976127, 0.059581, -0.0146765, 0.208354, 0.466667, 1, -0.993343, 0.0620676, -0.00791757, 0.0967219, 0.5, 1, -0.997776, 0.0637047, -0.00336124, 0.0193224, 0.533333, 1, -0.998178, 0.0601629, -0.00408512, 0.00200194, 0.566667, 1, 0.997551, -0.0521282, 0.00624585, 0.046219, 0.6, 1, 0.989323, -0.0416626, 0.00967903, 0.139321, 0.633333, 1, 0.962475, -0.0310944, 0.0142104, 0.269207, 0.666667, 1, 0.913328, -0.0235627, 0.0197224, 0.406065, 0.7, 1, 0.868507, -0.0212368, 0.0226676, 0.494703, 0.733333, 1, 0.834574, -0.0186813, 0.025948, 0.549968, 0.766667, 1, 0.819374, -0.0171909, 0.0252523, 0.572445, 0.8, 1, 0.820044, -0.0176482, 0.0233713, 0.57155, 0.833333, 1, 0.823935, -0.0205565, 0.0301947, 0.565505, 0.866667, 1, 0.821299, -0.0259321, 0.057849, 0.566964, 0.9, 1, 0.844028, -0.024967, 0.0779265, 0.530019, 0.933333, 1, 0.883074, -0.0187175, 0.0897296, 0.460195, 0.958333, 1, 0.915321, -0.0116064, 0.0939598, 0.391439)
tracks/33/type = "scale_3d"
tracks/33/imported = true
tracks/33/enabled = true
tracks/33/path = NodePath("RobotArmature/Skeleton3D:UpperLeg.L")
tracks/33/interp = 0
tracks/33/loop_wrap = true
tracks/33/keys = PackedFloat32Array(0, 1, 1, 0.999999, 1.00002)
tracks/34/type = "rotation_3d"
tracks/34/imported = true
tracks/34/enabled = true
tracks/34/path = NodePath("RobotArmature/Skeleton3D:LowerLeg.L")
tracks/34/interp = 1
tracks/34/loop_wrap = true
tracks/34/keys = PackedFloat32Array(0, 1, 0.213291, 1.29415e-07, -6.19783e-08, 0.976989, 0.0333333, 1, 0.291565, 1.24557e-07, -7.04182e-08, 0.956551, 0.0666667, 1, 0.386628, 1.16588e-07, -8.17311e-08, 0.922236, 0.1, 1, 0.46959, 1.08584e-07, -9.05096e-08, 0.882885, 0.133333, 1, 0.516071, 1.03682e-07, -9.42144e-08, 0.856546, 0.166667, 1, 0.504127, 1.04191e-07, -9.26646e-08, 0.863629, 0.2, 1, 0.409849, 1.13504e-07, -8.47255e-08, 0.912153, 0.233333, 1, 0.328355, 1.21776e-07, -7.45369e-08, 0.944555, 0.266667, 1, 0.264064, 1.27769e-07, -6.59246e-08, 0.964505, 0.3, 1, 0.210551, 1.31612e-07, -5.90496e-08, 0.977583, 0.333333, 1, 0.150326, 1.34428e-07, -5.02882e-08, 0.988637, 0.366667, 1, 0.0328905, 1.40818e-07, -3.28516e-08, 0.999459, 0.4, 1, 0.00340402, 1.39017e-07, -2.65336e-08, 0.999994, 0.433333, 1, 0.122516, 1.33004e-07, -4.4029e-08, 0.992467, 0.466667, 1, 0.335757, 1.21141e-07, -7.50143e-08, 0.941949, 0.5, 1, 0.483157, 1.09558e-07, -9.02068e-08, 0.875534, 0.533333, 1, 0.514199, 1.02477e-07, -9.63147e-08, 0.857671, 0.566667, 1, 0.565283, 9.71073e-08, -1.06004e-07, 0.824897, 0.6, 1, 0.637629, 8.94855e-08, -1.16236e-07, 0.770344, 0.633333, 1, 0.7153, 7.83457e-08, -1.24033e-07, 0.698818, 0.666667, 1, 0.772498, 6.60826e-08, -1.27798e-07, 0.635017, 0.7, 1, 0.789996, 6.2933e-08, -1.30892e-07, 0.613112, 0.733333, 1, 0.787903, 6.41408e-08, -1.3065e-07, 0.615799, 0.766667, 1, 0.761855, 6.87768e-08, -1.27899e-07, 0.647748, 0.8, 1, 0.713636, 7.65624e-08, -1.22883e-07, 0.700517, 0.833333, 1, 0.655147, 8.81684e-08, -1.1592e-07, 0.755502, 0.866667, 1, 0.595681, 9.66435e-08, -1.09433e-07, 0.803221, 0.9, 1, 0.491219, 1.07787e-07, -9.3994e-08, 0.871036, 0.933333, 1, 0.344631, 1.20445e-07, -7.58104e-08, 0.938738, 0.958333, 1, 0.213291, 1.29415e-07, -6.19783e-08, 0.976989)
tracks/35/type = "rotation_3d"
tracks/35/imported = true
tracks/35/enabled = true
tracks/35/path = NodePath("RobotArmature/Skeleton3D:UpperLeg.R")
tracks/35/interp = 1
tracks/35/loop_wrap = true
tracks/35/keys = PackedFloat32Array(0, 1, -0.942946, 0.0156025, -0.123645, 0.308743, 0.0333333, 1, -0.952059, 0.0194993, -0.122569, 0.279609, 0.0666667, 1, -0.96214, 0.0266265, -0.119316, 0.243599, 0.1, 1, -0.97383, 0.037074, -0.112238, 0.194124, 0.133333, 1, -0.985486, 0.0464909, -0.100807, 0.12843, 0.166667, 1, -0.994089, 0.0461128, -0.0857724, 0.0479969, 0.2, 1, -0.99566, 0.0406088, -0.0691032, -0.0473016, 0.233333, 1, 0.985705, -0.0405192, 0.0558587, 0.153701, 0.266667, 1, 0.959588, -0.0428985, 0.0447675, 0.274493, 0.3, 1, 0.908184, -0.0460018, 0.0342228, 0.414627, 0.333333, 1, 0.814692, -0.0490679, 0.0222379, 0.577387, 0.366667, 1, 0.742969, -0.0500058, 0.0129855, 0.667329, 0.4, 1, 0.77592, -0.0448798, 0.0179914, 0.628976, 0.433333, 1, 0.84165, -0.0386229, 0.0259679, 0.538014, 0.466667, 1, 0.881646, -0.0348184, 0.0297716, 0.469682, 0.5, 1, 0.862387, -0.0361276, 0.0268413, 0.504244, 0.533333, 1, 0.867282, -0.0376829, 0.0279046, 0.495605, 0.566667, 1, 0.890645, -0.0367654, 0.0339134, 0.45194, 0.6, 1, 0.925061, -0.0329388, 0.0428041, 0.375958, 0.633333, 1, 0.96034, -0.0264178, 0.0520753, 0.272647, 0.666667, 1, 0.986593, -0.0182238, 0.0589137, 0.1511, 0.7, 1, 0.997416, -0.0127725, 0.0607424, 0.0361736, 0.733333, 1, 0.9975, -0.00946756, 0.0612268, -0.0339818, 0.766667, 1, -0.996339, 0.012537, -0.0584126, 0.06115, 0.8, 1, -0.996252, 0.0205529, -0.0557203, 0.0628904, 0.833333, 1, -0.995129, 0.0264947, -0.0621074, 0.071834, 0.866667, 1, -0.988204, 0.0229515, -0.0895861, 0.122063, 0.9, 1, -0.974772, 0.0192768, -0.108998, 0.193821, 0.933333, 1, -0.957052, 0.0166841, -0.119846, 0.263458, 0.958333, 1, -0.942946, 0.0156025, -0.123645, 0.308743)
tracks/36/type = "scale_3d"
tracks/36/imported = true
tracks/36/enabled = true
tracks/36/path = NodePath("RobotArmature/Skeleton3D:UpperLeg.R")
tracks/36/interp = 0
tracks/36/loop_wrap = true
tracks/36/keys = PackedFloat32Array(0, 1, 1, 0.999997, 1.00002)
tracks/37/type = "rotation_3d"
tracks/37/imported = true
tracks/37/enabled = true
tracks/37/path = NodePath("RobotArmature/Skeleton3D:LowerLeg.R")
tracks/37/interp = 1
tracks/37/loop_wrap = true
